location,date,vaccine,source_url,total_vaccinations,people_vaccinated,people_fully_vaccinated,total_boosters
Cote d'Ivoire,2021-03-01,Oxford/AstraZeneca,https://news.un.org/fr/story/2021/03/1090572,0,0,,
Cote d'Ivoire,2021-03-06,Oxford/AstraZeneca,https://www.facebook.com/mshpcmu/posts/1848616131970739,2058,2058,,
Cote d'Ivoire,2021-03-08,Oxford/AstraZeneca,https://www.facebook.com/mshpcmu/posts/1848616131970739,2924,2924,,
Cote d'Ivoire,2021-03-09,Oxford/AstraZeneca,https://www.facebook.com/mshpcmu/posts/1849370098562009,4363,4363,,
Cote d'Ivoire,2021-03-10,Oxford/AstraZeneca,https://www.facebook.com/mshpcmu/posts/1850730125092673,8802,8802,,
Cote d'Ivoire,2021-03-14,Oxford/AstraZeneca,https://www.facebook.com/mshpcmu/posts/1853474708151548,14937,14937,,
Cote d'Ivoire,2021-03-15,Oxford/AstraZeneca,https://www.facebook.com/mshpcmu/posts/1854232871409065,15181,15181,,
Cote d'Ivoire,2021-03-16,Oxford/AstraZeneca,https://www.facebook.com/mshpcmu/posts/1855022227996796,17448,17448,,
Cote d'Ivoire,2021-03-17,Oxford/AstraZeneca,https://www.facebook.com/mshpcmu/posts/1856545991177753,19113,19113,,
Cote d'Ivoire,2021-03-18,Oxford/AstraZeneca,https://www.facebook.com/mshpcmu/posts/1856906561141696,20766,20766,,
Cote d'Ivoire,2021-03-19,Oxford/AstraZeneca,https://www.facebook.com/mshpcmu/posts/1857789514386734,22443,22443,,
Cote d'Ivoire,2021-03-20,Oxford/AstraZeneca,https://www.facebook.com/mshpcmu/posts/1858756490956703,24171,24171,,
Cote d'Ivoire,2021-03-21,Oxford/AstraZeneca,https://www.facebook.com/mshpcmu/posts/1859520217546997,24639,24639,,
Cote d'Ivoire,2021-03-22,Oxford/AstraZeneca,https://www.facebook.com/mshpcmu/posts/1860250877473931,24728,24728,,
Cote d'Ivoire,2021-03-23,Oxford/AstraZeneca,https://www.facebook.com/mshpcmu/posts/1861007314064954,26079,26079,,
Cote d'Ivoire,2021-03-24,Oxford/AstraZeneca,https://www.facebook.com/mshpcmu/posts/1861796460652706,27886,27886,,
Cote d'Ivoire,2021-03-25,Oxford/AstraZeneca,https://www.facebook.com/mshpcmu/photos/a.134263566739346/1862581443907541/,29535,29535,,
Cote d'Ivoire,2021-03-26,Oxford/AstraZeneca,https://www.facebook.com/mshpcmu/posts/1863320147167004,31104,31104,,
Cote d'Ivoire,2021-03-27,Oxford/AstraZeneca,https://www.facebook.com/mshpcmu/posts/1864258720406480,33395,33395,,
Cote d'Ivoire,2021-03-29,Oxford/AstraZeneca,https://www.facebook.com/mshpcmu/posts/1865721326926886,34388,34388,,
Cote d'Ivoire,2021-03-30,Oxford/AstraZeneca,https://www.facebook.com/mshpcmu/posts/1866442070188145,37367,37367,,
Cote d'Ivoire,2021-03-31,Oxford/AstraZeneca,https://www.facebook.com/mshpcmu/posts/1867290600103292,40153,40153,,
Cote d'Ivoire,2021-04-01,Oxford/AstraZeneca,https://www.facebook.com/mshpcmu/posts/1868400586658960,42725,42725,,
Cote d'Ivoire,2021-04-02,Oxford/AstraZeneca,https://www.facebook.com/mshpcmu/posts/1868821653283520,45247,45247,,
Cote d'Ivoire,2021-04-03,Oxford/AstraZeneca,https://www.facebook.com/mshpcmu/posts/1869617259870626,47968,47968,,
Cote d'Ivoire,2021-04-04,Oxford/AstraZeneca,https://www.facebook.com/mshpcmu/posts/1870344559797896,49642,49642,,
Cote d'Ivoire,2021-04-06,Oxford/AstraZeneca,https://www.facebook.com/mshpcmu/posts/1871971672968518,49948,49948,,
Cote d'Ivoire,2021-04-08,Oxford/AstraZeneca,https://www.facebook.com/mshpcmu/posts/1872719396227079,53071,53071,,
Cote d'Ivoire,2021-04-09,Oxford/AstraZeneca,https://www.facebook.com/mshpcmu/posts/1874409662724719,60823,60823,,
Cote d'Ivoire,2021-04-10,Oxford/AstraZeneca,https://www.facebook.com/mshpcmu/posts/1875540749278277,66496,66496,,
Cote d'Ivoire,2021-04-11,Oxford/AstraZeneca,https://www.facebook.com/mshpcmu/posts/1876016745897344,68843,68843,,
Cote d'Ivoire,2021-04-14,Oxford/AstraZeneca,https://www.facebook.com/mshpcmu/posts/1878471328985219,83425,83425,,
Cote d'Ivoire,2021-04-15,Oxford/AstraZeneca,https://www.facebook.com/mshpcmu/posts/1879174768914875,87267,87267,,
Cote d'Ivoire,2021-04-16,Oxford/AstraZeneca,https://www.facebook.com/mshpcmu/posts/1880034655495553,91901,91901,,
Cote d'Ivoire,2021-04-17,Oxford/AstraZeneca,https://www.facebook.com/mshpcmu/posts/1880785808753771,93540,93540,,
Cote d'Ivoire,2021-04-18,Oxford/AstraZeneca,https://www.facebook.com/mshpcmu/posts/1881495295349489,94818,94818,,
Cote d'Ivoire,2021-04-21,Oxford/AstraZeneca,https://www.facebook.com/mshpcmu/posts/1883897901775895,105110,105110,,
Cote d'Ivoire,2021-04-22,Oxford/AstraZeneca,https://www.facebook.com/mshpcmu/posts/1884672188365133,109077,109077,,
Cote d'Ivoire,2021-04-23,Oxford/AstraZeneca,https://www.facebook.com/mshpcmu/posts/1885526701613015,113224,113224,,
Cote d'Ivoire,2021-04-24,Oxford/AstraZeneca,https://www.facebook.com/mshpcmu/posts/1886267658205586,117227,117227,,
Cote d'Ivoire,2021-04-25,Oxford/AstraZeneca,https://www.facebook.com/mshpcmu/posts/1887513514747667,118875,118875,,
Cote d'Ivoire,2021-04-26,Oxford/AstraZeneca,https://www.facebook.com/mshpcmu/posts/1887778548054497,119663,119663,,
Cote d'Ivoire,2021-04-27,Oxford/AstraZeneca,https://www.facebook.com/mshpcmu/posts/1888539487978403,125958,125958,,
Cote d'Ivoire,2021-04-28,Oxford/AstraZeneca,https://www.facebook.com/mshpcmu/posts/1889322164566802,132434,132434,,
Cote d'Ivoire,2021-04-29,Oxford/AstraZeneca,https://www.facebook.com/mshpcmu/posts/1890084301157255,140270,140270,,
Cote d'Ivoire,2021-04-30,Oxford/AstraZeneca,https://www.facebook.com/mshpcmu/posts/1890877344411284,149037,149037,,
Cote d'Ivoire,2021-05-01,Oxford/AstraZeneca,https://www.facebook.com/mshpcmu/posts/1891632937669058,158981,158981,,
Cote d'Ivoire,2021-05-02,Oxford/AstraZeneca,https://www.facebook.com/mshpcmu/posts/1892402124258806,163176,163176,,
Cote d'Ivoire,2021-05-03,Oxford/AstraZeneca,https://www.facebook.com/mshpcmu/posts/1893579394141079,168419,168419,,
Cote d'Ivoire,2021-05-04,Oxford/AstraZeneca,https://www.facebook.com/mshpcmu/posts/1893929784106040,183301,183301,,
Cote d'Ivoire,2021-05-05,Oxford/AstraZeneca,https://www.facebook.com/mshpcmu/posts/1894861117346240,197492,197492,,
Cote d'Ivoire,2021-05-06,Oxford/AstraZeneca,https://www.facebook.com/mshpcmu/posts/1895533880612297,215010,215010,,
Cote d'Ivoire,2021-05-07,Oxford/AstraZeneca,https://www.facebook.com/mshpcmu/posts/1896312533867765,235747,235747,,
Cote d'Ivoire,2021-05-08,Oxford/AstraZeneca,https://www.facebook.com/mshpcmu/posts/1897101563788862,252317,252317,,
Cote d'Ivoire,2021-05-09,Oxford/AstraZeneca,https://www.facebook.com/mshpcmu/posts/1897980657034286,262639,262639,,
Cote d'Ivoire,2021-05-10,Oxford/AstraZeneca,https://www.facebook.com/mshpcmu/posts/1898660066966345,267032,267032,,
Cote d'Ivoire,2021-05-11,Oxford/AstraZeneca,https://www.facebook.com/mshpcmu/posts/1899429700222715,280799,280799,,
Cote d'Ivoire,2021-05-12,Oxford/AstraZeneca,https://www.facebook.com/mshpcmu/posts/1900322076800144,292537,292537,,
Cote d'Ivoire,2021-05-13,Oxford/AstraZeneca,https://www.facebook.com/mshpcmu/posts/1901135440052141,295309,295309,,
Cote d'Ivoire,2021-05-14,Oxford/AstraZeneca,https://www.facebook.com/mshpcmu/posts/1901912456641106,301497,301497,,
Cote d'Ivoire,2021-05-15,Oxford/AstraZeneca,https://www.facebook.com/mshpcmu/posts/1902632499902435,321020,321020,,
Cote d'Ivoire,2021-05-16,Oxford/AstraZeneca,https://www.facebook.com/mshpcmu/posts/1903472843151734,333793,333793,,
Cote d'Ivoire,2021-05-17,Oxford/AstraZeneca,https://www.facebook.com/mshpcmu/posts/1904368319728853,340049,340049,,
Cote d'Ivoire,2021-05-18,Oxford/AstraZeneca,https://www.facebook.com/mshpcmu/posts/1905588016273550,366285,366285,,
Cote d'Ivoire,2021-05-19,Oxford/AstraZeneca,https://www.facebook.com/mshpcmu/posts/1906497556182596,391085,391085,,
Cote d'Ivoire,2021-05-20,Oxford/AstraZeneca,https://www.facebook.com/mshpcmu/posts/1907336076098744,418455,418455,,
Cote d'Ivoire,2021-05-21,Oxford/AstraZeneca,https://www.facebook.com/mshpcmu/posts/1908167929348892,447449,447449,,
Cote d'Ivoire,2021-05-22,Oxford/AstraZeneca,https://www.facebook.com/mshpcmu/posts/1909010575931294,473098,473098,,
Cote d'Ivoire,2021-05-23,Oxford/AstraZeneca,https://www.facebook.com/mshpcmu/posts/1909804992518519,486231,486231,,
Cote d'Ivoire,2021-05-24,Oxford/AstraZeneca,https://www.facebook.com/mshpcmu/posts/1910591959106489,491146,491146,,
Cote d'Ivoire,2021-05-25,Oxford/AstraZeneca,https://www.facebook.com/mshpcmu/posts/1911359415696410,496319,496319,,
Cote d'Ivoire,2021-05-27,Oxford/AstraZeneca,https://www.facebook.com/mshpcmu/posts/1912939115538440,528084,528084,,
Cote d'Ivoire,2021-05-28,Oxford/AstraZeneca,https://www.facebook.com/mshpcmu/posts/1913894008776284,535748,535748,,
Cote d'Ivoire,2021-05-29,Oxford/AstraZeneca,https://www.facebook.com/mshpcmu/posts/1914663215366030,540245,540245,,
Cote d'Ivoire,2021-05-31,Oxford/AstraZeneca,https://www.facebook.com/mshpcmu/posts/1916705261828492,541449,541449,,
Cote d'Ivoire,2021-06-01,Oxford/AstraZeneca,https://www.facebook.com/mshpcmu/posts/1917008368464848,543663,543663,,
Cote d'Ivoire,2021-06-02,Oxford/AstraZeneca,https://www.facebook.com/mshpcmu/posts/1917735725058779,555472,555472,,
Cote d'Ivoire,2021-06-03,Oxford/AstraZeneca,https://www.facebook.com/mshpcmu/posts/1918534804978871,567488,567488,,
Cote d'Ivoire,2021-06-05,Oxford/AstraZeneca,https://www.facebook.com/mshpcmu/posts/1920162881482730,593683,593683,,
Cote d'Ivoire,2021-06-06,Oxford/AstraZeneca,https://www.facebook.com/mshpcmu/posts/1920966051402413,602540,602540,,
Cote d'Ivoire,2021-06-07,Oxford/AstraZeneca,https://www.facebook.com/mshpcmu/posts/1921877514644600,606907,606907,,
Cote d'Ivoire,2021-06-08,Oxford/AstraZeneca,https://www.facebook.com/mshpcmu/posts/1922680157897669,625780,625780,,
Cote d'Ivoire,2021-06-09,Oxford/AstraZeneca,https://www.facebook.com/mshpcmu/posts/1923507837814901,644253,644253,,
Cote d'Ivoire,2021-06-10,Oxford/AstraZeneca,https://www.facebook.com/mshpcmu/posts/1924245974407754,662848,662848,,
Cote d'Ivoire,2021-06-11,Oxford/AstraZeneca,https://www.facebook.com/mshpcmu/posts/1925024047663280,675294,675294,,
Cote d'Ivoire,2021-06-12,Oxford/AstraZeneca,https://www.facebook.com/mshpcmu/posts/1926015224230829,686626,686626,,
Cote d'Ivoire,2021-06-13,Oxford/AstraZeneca,https://www.facebook.com/mshpcmu/posts/1926736014158750,692523,692523,,
Cote d'Ivoire,2021-06-14,Oxford/AstraZeneca,https://www.facebook.com/mshpcmu/posts/1927456237420061,694950,694950,,
Cote d'Ivoire,2021-06-15,Oxford/AstraZeneca,https://www.facebook.com/mshpcmu/posts/1928238917341793,705051,705051,,
Cote d'Ivoire,2021-06-16,Oxford/AstraZeneca,https://www.facebook.com/mshpcmu/posts/1929029473929404,712777,712777,,
Cote d'Ivoire,2021-06-17,Oxford/AstraZeneca,https://www.facebook.com/mshpcmu/posts/1929830203849331,718197,718197,,
Cote d'Ivoire,2021-06-18,Oxford/AstraZeneca,https://www.facebook.com/mshpcmu/posts/1930556000443418,722073,722073,,
Cote d'Ivoire,2021-06-19,Oxford/AstraZeneca,https://www.facebook.com/mshpcmu/posts/1931520937013591,724592,724592,,
Cote d'Ivoire,2021-06-20,Oxford/AstraZeneca,https://www.facebook.com/mshpcmu/posts/1932855310213487,725916,725916,,
Cote d'Ivoire,2021-06-21,Oxford/AstraZeneca,https://www.facebook.com/mshpcmu/posts/1933155210183497,733375,733375,,
Cote d'Ivoire,2021-06-22,Oxford/AstraZeneca,https://www.facebook.com/mshpcmu/posts/1933948290104189,735677,735677,,
Cote d'Ivoire,2021-06-23,Oxford/AstraZeneca,https://www.facebook.com/mshpcmu/photos/a.270240923141609/1934778833354468/,737314,737314,,
Cote d'Ivoire,2021-06-24,Oxford/AstraZeneca,https://www.facebook.com/mshpcmu/posts/1935620579936960,738763,738763,,
Cote d'Ivoire,2021-06-25,Oxford/AstraZeneca,https://www.facebook.com/mshpcmu/posts/1936376139861404,740391,740391,,
Cote d'Ivoire,2021-06-28,Oxford/AstraZeneca,https://www.facebook.com/mshpcmu/posts/1938752936290391,745327,745327,,
Cote d'Ivoire,2021-06-29,Oxford/AstraZeneca,https://www.facebook.com/mshpcmu/posts/1939631029535915,749368,749368,,
Cote d'Ivoire,2021-06-30,Oxford/AstraZeneca,https://www.facebook.com/mshpcmu/posts/1940396256126059,757113,757113,,
Cote d'Ivoire,2021-07-01,Oxford/AstraZeneca,https://www.facebook.com/mshpcmu/posts/1941242749374743,768039,768039,,
Cote d'Ivoire,2021-07-02,Oxford/AstraZeneca,https://www.facebook.com/mshpcmu/posts/1941967405968944,780623,780623,,
Cote d'Ivoire,2021-07-03,Oxford/AstraZeneca,https://www.facebook.com/mshpcmu/posts/1942808659218152,791306,791306,,
Cote d'Ivoire,2021-07-04,Oxford/AstraZeneca,https://www.facebook.com/mshpcmu/posts/1943623609136657,797907,797907,,
Cote d'Ivoire,2021-07-05,Oxford/AstraZeneca,https://www.facebook.com/mshpcmu/posts/1944338242398527,801089,801089,,
Cote d'Ivoire,2021-07-06,Oxford/AstraZeneca,https://www.facebook.com/mshpcmu/posts/1945142875651397,814945,814945,,
Cote d'Ivoire,2021-07-07,Oxford/AstraZeneca,https://www.facebook.com/mshpcmu/posts/1945958315569853,825286,825286,,
Cote d'Ivoire,2021-07-08,Oxford/AstraZeneca,https://www.facebook.com/mshpcmu/posts/1946732208825797,835163,835163,,
Cote d'Ivoire,2021-07-09,Oxford/AstraZeneca,https://www.facebook.com/mshpcmu/posts/1947500415415643,850857,850857,,
Cote d'Ivoire,2021-07-12,Oxford/AstraZeneca,https://www.facebook.com/mshpcmu/photos/a.270240923141609/1949882228510795/,857406,857406,,
Cote d'Ivoire,2021-07-13,Oxford/AstraZeneca,https://www.facebook.com/mshpcmu/photos/a.270240923141609/1950691868429831,861278,861278,,
Cote d'Ivoire,2021-07-14,Oxford/AstraZeneca,https://www.facebook.com/mshpcmu/photos/a.270240923141609/1951413238357694/,866611,866611,,
Cote d'Ivoire,2021-07-15,Oxford/AstraZeneca,https://www.facebook.com/mshpcmu/photos/a.270240923141609/1952293134936371/,874736,874736,,
Cote d'Ivoire,2021-07-16,Oxford/AstraZeneca,https://www.facebook.com/mshpcmu/posts/1953063368192681,883862,883862,,
Cote d'Ivoire,2021-07-17,Oxford/AstraZeneca,https://www.facebook.com/mshpcmu/posts/1953801361452215,891966,891966,,
Cote d'Ivoire,2021-07-18,Oxford/AstraZeneca,https://www.facebook.com/mshpcmu/posts/1954588411373510,896350,896350,,
Cote d'Ivoire,2021-07-19,Oxford/AstraZeneca,https://www.facebook.com/mshpcmu/posts/1955300001302351,898247,898247,,
Cote d'Ivoire,2021-07-20,Oxford/AstraZeneca,https://www.facebook.com/mshpcmu/posts/1956032144562470,905475,905475,,
Cote d'Ivoire,2021-07-21,Oxford/AstraZeneca,https://www.facebook.com/mshpcmu/posts/1957248234440861,906089,906089,,
Cote d'Ivoire,2021-07-23,Oxford/AstraZeneca,https://www.facebook.com/mshpcmu/posts/1958354040996947,918433,918433,,
Cote d'Ivoire,2021-07-24,Oxford/AstraZeneca,https://www.facebook.com/mshpcmu/posts/1959149454250739,925083,925083,,
Cote d'Ivoire,2021-07-25,Oxford/AstraZeneca,https://www.facebook.com/mshpcmu/posts/1959941594171525,933816,933816,,
Cote d'Ivoire,2021-07-26,Oxford/AstraZeneca,https://www.facebook.com/mshpcmu/posts/1960690017430016,935111,935111,,
Cote d'Ivoire,2021-07-27,Oxford/AstraZeneca,https://www.facebook.com/mshpcmu/posts/1961425827356435,943437,943437,,
Cote d'Ivoire,2021-07-28,Oxford/AstraZeneca,https://www.facebook.com/mshpcmu/posts/1962309793934705,959349,959349,,
Cote d'Ivoire,2021-07-29,Oxford/AstraZeneca,https://www.facebook.com/mshpcmu/posts/1963104920521859,975086,975086,,
Cote d'Ivoire,2021-07-30,Oxford/AstraZeneca,https://www.facebook.com/mshpcmu/posts/1964012713764413,990305,990305,,
Cote d'Ivoire,2021-07-31,Oxford/AstraZeneca,https://www.facebook.com/mshpcmu/posts/1964741403691544,1008244,1008244,,
Cote d'Ivoire,2021-08-01,Oxford/AstraZeneca,https://www.facebook.com/mshpcmu/posts/1965619230270428,1019898,1019898,,
Cote d'Ivoire,2021-08-02,Oxford/AstraZeneca,https://www.facebook.com/mshpcmu/posts/1966387253526959,1023548,1023548,,
Cote d'Ivoire,2021-08-03,Oxford/AstraZeneca,https://www.facebook.com/mshpcmu/posts/1967181666780851,1067141,1067141,,
Cote d'Ivoire,2021-08-04,Oxford/AstraZeneca,https://www.facebook.com/mshpcmu/posts/1968042220028129,1098505,1098505,,
Cote d'Ivoire,2021-08-05,Oxford/AstraZeneca,https://www.facebook.com/mshpcmu/posts/1968802589952092,1117143,1117143,,
Cote d'Ivoire,2021-08-06,Oxford/AstraZeneca,https://www.facebook.com/mshpcmu/posts/1969572629875088,1120944,1120944,,
Cote d'Ivoire,2021-08-07,Oxford/AstraZeneca,https://www.facebook.com/mshpcmu/posts/1970488076450210,1138231,1138231,,
Cote d'Ivoire,2021-08-08,Oxford/AstraZeneca,https://www.facebook.com/mshpcmu/posts/1971374803028204,1143268,1143268,,
Cote d'Ivoire,2021-08-09,Oxford/AstraZeneca,https://www.facebook.com/mshpcmu/posts/1972094249622926,1147868,1147868,,
Cote d'Ivoire,2021-08-10,Oxford/AstraZeneca,https://www.facebook.com/mshpcmu/posts/1972972206201797,1165391,1165391,,
Cote d'Ivoire,2021-08-11,Oxford/AstraZeneca,https://www.facebook.com/mshpcmu/posts/1973743979457953,1181287,1181287,,
Cote d'Ivoire,2021-08-12,Oxford/AstraZeneca,https://www.facebook.com/mshpcmu/posts/1974492689383082,1194760,,,
Cote d'Ivoire,2021-08-13,Oxford/AstraZeneca,https://www.facebook.com/mshpcmu/posts/1975261959306155,1206541,,,
Cote d'Ivoire,2021-08-14,Oxford/AstraZeneca,https://www.facebook.com/mshpcmu/posts/1976052122560472,1215526,,,
Cote d'Ivoire,2021-08-16,Oxford/AstraZeneca,https://www.facebook.com/mshpcmu/posts/1977523579079993,1227516,,,
Cote d'Ivoire,2021-08-17,Oxford/AstraZeneca,https://www.facebook.com/mshpcmu/posts/1979050995593918,1246309,,,
Cote d'Ivoire,2021-08-19,Oxford/AstraZeneca,https://www.facebook.com/mshpcmu/posts/1979843048848046,1253326,,,
Cote d'Ivoire,2021-08-20,Oxford/AstraZeneca,https://www.facebook.com/mshpcmu/posts/1980627648769586,1264058,,,
Cote d'Ivoire,2021-08-21,Oxford/AstraZeneca,https://www.facebook.com/mshpcmu/posts/1981310145368003,1268988,,,
Cote d'Ivoire,2021-08-22,Oxford/AstraZeneca,https://www.facebook.com/mshpcmu/posts/1982224371943247,1274083,,,
Cote d'Ivoire,2021-08-23,Oxford/AstraZeneca,https://www.facebook.com/mshpcmu/posts/1982905241875160,1275868,,,
Cote d'Ivoire,2021-08-24,Oxford/AstraZeneca,https://www.facebook.com/mshpcmu/posts/1983701605128857,1287881,,,
Cote d'Ivoire,2021-08-25,Oxford/AstraZeneca,https://www.facebook.com/mshpcmu/photos/a.270240923141609/1984436151722069/,1293296,,,
Cote d'Ivoire,2021-08-26,Oxford/AstraZeneca,https://www.facebook.com/mshpcmu/posts/1985146321651052,1297822,,,
Cote d'Ivoire,2021-08-27,Oxford/AstraZeneca,https://www.facebook.com/mshpcmu/posts/1986040071561677,1301985,,,
Cote d'Ivoire,2021-08-28,Oxford/AstraZeneca,https://www.facebook.com/mshpcmu/posts/1986863001479384,1310778,,,
Cote d'Ivoire,2021-08-30,Oxford/AstraZeneca,https://www.facebook.com/mshpcmu/posts/1988366264662391,1327485,,,
Cote d'Ivoire,2021-08-31,Oxford/AstraZeneca,https://www.facebook.com/mshpcmu/posts/1989130201252664,1353553,,,
Cote d'Ivoire,2021-09-01,Oxford/AstraZeneca,https://www.facebook.com/mshpcmu/posts/1989954931170191,1370123,,,
Cote d'Ivoire,2021-09-03,Oxford/AstraZeneca,https://www.facebook.com/mshpcmu/posts/1991560134343004,1404020,,,
Cote d'Ivoire,2021-09-04,Oxford/AstraZeneca,https://www.facebook.com/mshpcmu/posts/1992284347603916,1421566,,,
Cote d'Ivoire,2021-09-05,Oxford/AstraZeneca,https://www.facebook.com/mshpcmu/posts/1992990364199981,1434173,,,
Cote d'Ivoire,2021-09-06,Oxford/AstraZeneca,https://www.facebook.com/mshpcmu/posts/1993718097460541,1443607,,,
Cote d'Ivoire,2021-09-07,Oxford/AstraZeneca,https://www.facebook.com/mshpcmu/posts/1994503034048714,1459525,,,
Cote d'Ivoire,2021-09-10,Oxford/AstraZeneca,https://www.facebook.com/mshpcmu/posts/1994503034048714,1467277,1193877,273400,
Cote d'Ivoire,2021-09-12,Oxford/AstraZeneca,https://www.facebook.com/mshpcmu/photos/a.270240923141609/1998871206945230/,1542157,,,
Cote d'Ivoire,2021-09-13,Oxford/AstraZeneca,https://www.facebook.com/mshpcmu/photos/a.134263566739346/1999197596912591/,1548584,,,
Cote d'Ivoire,2021-09-14,Oxford/AstraZeneca,https://www.facebook.com/mshpcmu/posts/2000060413492976,1572866,,,
Cote d'Ivoire,2021-09-15,Oxford/AstraZeneca,https://www.facebook.com/mshpcmu/posts/2000686676763683,1620480,,,
Cote d'Ivoire,2021-09-16,Oxford/AstraZeneca,https://www.facebook.com/mshpcmu/posts/2001496403349377,1664954,,,
Cote d'Ivoire,2021-09-17,Oxford/AstraZeneca,https://www.facebook.com/mshpcmu/posts/2002218139943870,1698973,,,
Cote d'Ivoire,2021-09-18,Oxford/AstraZeneca,https://www.facebook.com/mshpcmu/posts/2003000753198942,1735898,,,
Cote d'Ivoire,2021-09-19,Oxford/AstraZeneca,https://www.facebook.com/mshpcmu/posts/2003840123115005,1761075,,,
Cote d'Ivoire,2021-09-20,Oxford/AstraZeneca,https://www.facebook.com/mshpcmu/posts/2004560276376323,1775036,,,
Cote d'Ivoire,2021-09-22,Oxford/AstraZeneca,https://www.facebook.com/mshpcmu/posts/2006103056222045,1836904,,,
Cote d'Ivoire,2021-09-23,Oxford/AstraZeneca,https://www.facebook.com/mshpcmu/posts/2006975756134775,1868955,,,
Cote d'Ivoire,2021-09-24,Oxford/AstraZeneca,https://www.facebook.com/mshpcmu/posts/2007662139399470,1903064,,,
Cote d'Ivoire,2021-09-25,Oxford/AstraZeneca,https://www.facebook.com/mshpcmu/posts/2008466112652406,1943925,,,
Cote d'Ivoire,2021-09-26,Oxford/AstraZeneca,https://www.facebook.com/mshpcmu/posts/2009262225906128,1968171,,,
Cote d'Ivoire,2021-09-27,Oxford/AstraZeneca,https://www.facebook.com/permalink.php?story_fbid=2009996975832653&id=134159806749722,1982168,,,
Cote d'Ivoire,2021-09-29,Oxford/AstraZeneca,https://www.facebook.com/mshpcmu/posts/230259442467902,2082137,,,
Cote d'Ivoire,2021-09-30,Oxford/AstraZeneca,https://www.facebook.com/mshpcmu/posts/230917632402083,2137947,,,
Cote d'Ivoire,2021-10-01,Oxford/AstraZeneca,https://www.facebook.com/mshpcmu/posts/231545222339324,2200971,,,
Cote d'Ivoire,2021-10-02,Oxford/AstraZeneca,https://www.facebook.com/mshpcmu/posts/232651855561994,2238044,,,
Cote d'Ivoire,2021-10-03,Oxford/AstraZeneca,https://www.facebook.com/mshpcmu/posts/232860985541081,2270565,,,
Cote d'Ivoire,2021-10-04,Oxford/AstraZeneca,https://www.facebook.com/mshpcmu/posts/233685352125311,2294393,,,
Cote d'Ivoire,2021-10-05,Oxford/AstraZeneca,https://www.facebook.com/mshpcmu/posts/233946092099237,2334426,,,
Cote d'Ivoire,2021-10-06,"Oxford/AstraZeneca, Sinopharm/Beijing, Sputnik V",https://covid19.who.int/,2490820,1921801,569019,
Cote d'Ivoire,2021-10-11,"Oxford/AstraZeneca, Sinopharm/Beijing, Sputnik V",https://covid19.who.int/,2578266,1970527,607739,
Cote d'Ivoire,2021-10-15,"Oxford/AstraZeneca, Sinopharm/Beijing, Sputnik V",https://covid19.who.int/,2762147,2060675,701472,
Cote d'Ivoire,2021-10-19,"Johnson&Johnson, Oxford/AstraZeneca, Pfizer/BioNTech, Sinopharm/Beijing, Sputnik V",https://covid19.who.int/,2892373,2122428,769945,
Cote d'Ivoire,2021-10-22,"Johnson&Johnson, Oxford/AstraZeneca, Pfizer/BioNTech, Sinopharm/Beijing, Sputnik V",https://www.facebook.com/mshpcmu/posts/245818884245291,3005741,,,
Cote d'Ivoire,2021-10-24,"Johnson&Johnson, Oxford/AstraZeneca, Pfizer/BioNTech, Sinopharm/Beijing, Sputnik V",https://covid19.who.int/,3046263,2205593,840670,
Cote d'Ivoire,2021-10-28,"Johnson&Johnson, Oxford/AstraZeneca, Pfizer/BioNTech, Sinopharm/Beijing, Sputnik V",https://covid19.who.int/,3144043,2264016,880027,
Cote d'Ivoire,2021-10-31,"Johnson&Johnson, Oxford/AstraZeneca, Pfizer/BioNTech, Sinopharm/Beijing, Sputnik V",https://covid19.who.int/,3232947,2314075,918872,
Cote d'Ivoire,2021-11-04,"Johnson&Johnson, Oxford/AstraZeneca, Pfizer/BioNTech, Sinopharm/Beijing, Sputnik V",https://covid19.who.int/,3376376,2397955,978421,
Cote d'Ivoire,2021-11-09,"Johnson&Johnson, Oxford/AstraZeneca, Pfizer/BioNTech, Sinopharm/Beijing, Sputnik V",https://covid19.who.int/,3541785,2487429,1054356,
Cote d'Ivoire,2021-11-14,"Johnson&Johnson, Oxford/AstraZeneca, Pfizer/BioNTech, Sinopharm/Beijing, Sputnik V",https://covid19.who.int/,3845788,2669432,1176366,
Cote d'Ivoire,2021-12-05,"Johnson&Johnson, Oxford/AstraZeneca, Pfizer/BioNTech, Sinopharm/Beijing, Sputnik V",https://covid19.who.int/,4528780,3120320,1408460,
Cote d'Ivoire,2021-12-12,"Johnson&Johnson, Oxford/AstraZeneca, Pfizer/BioNTech, Sinopharm/Beijing, Sputnik V",https://covid19.who.int/,4812235,3306299,1505936,
Cote d'Ivoire,2021-12-31,"Johnson&Johnson, Oxford/AstraZeneca, Pfizer/BioNTech, Sinopharm/Beijing, Sputnik V",https://covid19.who.int/,7113233,4950775,2162458,
Cote d'Ivoire,2022-01-01,"Johnson&Johnson, Oxford/AstraZeneca, Pfizer/BioNTech, Sinopharm/Beijing, Sputnik V",https://www.facebook.com/mshpcmu/posts/292527809574398,7220501,,,
Cote d'Ivoire,2022-01-03,"Johnson&Johnson, Oxford/AstraZeneca, Pfizer/BioNTech, Sinopharm/Beijing, Sputnik V",https://www.facebook.com/mshpcmu/posts/293732102787302,7243628,,,
Cote d'Ivoire,2022-01-04,"Johnson&Johnson, Oxford/AstraZeneca, Pfizer/BioNTech, Sinopharm/Beijing, Sputnik V",https://www.facebook.com/mshpcmu/posts/294336396060206,7266800,,,
Cote d'Ivoire,2022-01-05,"Johnson&Johnson, Oxford/AstraZeneca, Pfizer/BioNTech, Sinopharm/Beijing, Sputnik V",https://www.facebook.com/mshpcmu/posts/294940302666482,7290279,,,
Cote d'Ivoire,2022-01-06,"Johnson&Johnson, Oxford/AstraZeneca, Pfizer/BioNTech, Sinopharm/Beijing, Sputnik V",https://www.facebook.com/mshpcmu/posts/295534919273687,7314146,,,
Cote d'Ivoire,2022-01-07,"Johnson&Johnson, Oxford/AstraZeneca, Pfizer/BioNTech, Sinopharm/Beijing, Sputnik V",https://www.facebook.com/mshpcmu/posts/296166585877187,7339282,,,
Cote d'Ivoire,2022-01-08,"Johnson&Johnson, Oxford/AstraZeneca, Pfizer/BioNTech, Sinopharm/Beijing, Sputnik V",https://www.facebook.com/mshpcmu/posts/296795322480980,7359678,,,
Cote d'Ivoire,2022-01-14,"Johnson&Johnson, Oxford/AstraZeneca, Pfizer/BioNTech, Sinopharm/Beijing, Sputnik V",https://covid19.who.int/,7450983,5155788,2295195,
Cote d'Ivoire,2022-01-18,"Johnson&Johnson, Oxford/AstraZeneca, Pfizer/BioNTech, Sinopharm/Beijing, Sputnik V",https://covid19.who.int/,7482020,5166682,2315338,
Cote d'Ivoire,2022-01-27,"Johnson&Johnson, Oxford/AstraZeneca, Pfizer/BioNTech, Sinopharm/Beijing, Sputnik V",https://covid19.who.int/,7591109,5208637,2382472,
Cote d'Ivoire,2022-02-11,"Johnson&Johnson, Oxford/AstraZeneca, Pfizer/BioNTech, Sinopharm/Beijing, Sputnik V",https://covid19.who.int/,8574775,5546012,3028763,
Cote d'Ivoire,2022-02-17,"Johnson&Johnson, Oxford/AstraZeneca, Pfizer/BioNTech, Sinopharm/Beijing, Sputnik V",https://africacdc.org/covid-19-vaccination/,,,,0
Cote d'Ivoire,2022-02-20,"Johnson&Johnson, Oxford/AstraZeneca, Pfizer/BioNTech, Sinopharm/Beijing, Sputnik V",https://covid19.who.int/,9558981,5812567,3746414,
Cote d'Ivoire,2022-03-05,"Johnson&Johnson, Oxford/AstraZeneca, Pfizer/BioNTech, Sinopharm/Beijing, Sputnik V",https://covid19.who.int/,9970869,6874956,4006643,
Cote d'Ivoire,2022-03-08,"Johnson&Johnson, Oxford/AstraZeneca, Pfizer/BioNTech, Sinopharm/Beijing, Sputnik V",https://covid19.who.int/,10108543,6955366,4178108,
Cote d'Ivoire,2022-03-14,"Johnson&Johnson, Oxford/AstraZeneca, Pfizer/BioNTech, Sinopharm/Beijing, Sputnik V",https://covid19.who.int/,10154915,6989567,4220241,
Cote d'Ivoire,2022-03-27,"Johnson&Johnson, Oxford/AstraZeneca, Pfizer/BioNTech, Sinopharm/Beijing, Sputnik V",https://covid19.who.int/,10364488,7111845,4599452,
Cote d'Ivoire,2022-04-10,"Johnson&Johnson, Oxford/AstraZeneca, Pfizer/BioNTech, Sinopharm/Beijing, Sputnik V",https://covid19.who.int/,11872480,7927713,5394807,47547
Cote d'Ivoire,2022-04-26,"Johnson&Johnson, Oxford/AstraZeneca, Pfizer/BioNTech, Sinopharm/Beijing, Sputnik V",https://covid19.who.int/,11982186,7952458,5437294,87290
